CPS = 0.01:0.0009:0.1;